#Example: Large parts of Africa and south east Asia
tropical = { 
	# Endralliande
	1060 1061 1059 1062 1063 1064 1065 2137 1107 2191
	2192 2190 2359 2189 2193 2188 2195 2196 2179 2178
	2176 2177 2199 2187 2186 2181 2182 2197 2198 2201
	2202 2203 2204 2205 2184 2183 1925 1865 1951 1930
	1941 1947 1955 1942 1948 1944 1945 1876 1946 1870
	1868 1872 1960 1130 2185 2206 2207 2209 2210 2211
	2212 2213 2214 2216 2217 2218 2219 2220 2221 2222
	2223 2224 2225 2226 2227 2228 2229 2232 2233 2234
	2265 2282 2395 2215 2348 2349 2350 2351 2352 2264
	2266 2267 2339 2340 2341 2342 2343 2363 2364 2365
	2366 2375 2376 2377 2378 2344 2273 2276 2275 2272
	2274 2279 2277 2806 2805 2803 2804 2242 2240 2239
	2291 2238 2290 2289 2292 2278 2288 2287 2237 2286
	2280 2281 2285 2236 2235 2284 2271 2270 2293 2268
	2269 2400 2399 2398 2397 2396 2391 2392 2393 2390
	2360 2361 2362 2389 2401 2405 2417 2446 2406 2413
	2412 2411 2409 2407 2408 2402 2403 2404 2418 2419
	2420 2414 2415 2431 2445 2423 2443 2427 2444 2421
	2422 2428 2424 2429 2430 2432 2433 2434 2436 2383
	2384 2388 2386 2387 3205 2373 2374 2372 2370 2371
	2369 2367 2368 2379 2381 2380 2481 2483 2473 2474
	2475 2477 2478 2479 2490 2489 2480 2484 2467 2463
	2466 2485 2487 2486 2552 2507 2491 2492 2494 2084
	2085 2087 2089 2090 2116 2117 2118 2119 2120 2122
	2128 2131 2132 2134 2136 2139 2140 2142 2145 2146
	2148 2149 2150 2151 2152 2154 2156 2162 2163 2164
	2165 2166 2167 2168 2169 2160 2172 2064 2065 2066
	2067 2068 2069 2070 2071 2074 2075 2077 1680 2114
	2113 2112 2111 2110 2109 2108 2104 2105 2106 2102
	2099 2100 2101 2098 2094 2095 2103 4547 4380 4369
	4372 4371 4374 4375 4382 4383 4384 4386 4394 4388
	4377 4387 4389 4392 4393 4395 4398 4551 4418 4399
	4420 4406 4409 4492 4494 4495 4486 4487 4498 4496
	4493 4497 4499 4501 4502 4503 4390 4367 4366 4554
	4555 4556 4557 4558 4560 4561 4562 4563 4564 4565
	4566 4567 4568 4569 4570 4571 4572 4573 4574 4575
	4576 4577 4578 4579 4580 4581 4582 4583 4584 4585
	4586 4587 4588 4589 4590 4591 4592 4593 4594 4595
	4596 4597 4598 4599 4600 4601 4602 4603 4604 4605
	4606 4700 4607 4608 4609 4610 4612 4614 4615 4396
	4489 4470 4364 4784 4798 4803 4804 4694 4802 4946
	4771 4695 4697 4698 4958 4702 4699 4961 4701 4770
	4706 4707 4769 4709 4711 4962 4708 4768 4710 4765
	4713 4767 4712 4734 4737 4741 4740 4959 4953 4957
	4965 4736 4731 4742 4746 4955 4745 4752 4753 4748
	4729 4956 4730 4733 4964 4735 4728 4774 4772 4732
	4727 4723 4766 4724 4726 4720 4963 4725 4721 4719
	4714 4718 4715 4717 4716 4807 4805 4773 6141 6140
	6153 6142 6145 6146 6151 6137 6139 6136 6149 6148
	6152 6138 6144 6147 4837 4836 4839 4884 4888 4838
	4835 4841 4840 4983 4984 4982 4722 3246 3249 3250
	3251 3252 3253 5385 5386 5388 5389 5390 5391 5392
	5393 5693 5488 5490 5470 5664 5492 5491 5493 5494
	5458 5454 5455 5810 5783 5777 5775 5762 5763 5766
	5805 5784 5785 5782 5781 5780 5772 5741 5738 5740
	5739 5744 5747 5749 5748 5728 5727 5726 5720 5685
	5708 5684 5707 5706 5704 5705 5679 5694 5677 5774
	5699 5700 5812 5809 5807 5806 5776 5767 5768 5770
	5769 5779 5808 5771 5743 5750 5756 5757 5751 5752
	5753 5765 5764 5723 5724 5725 5721 5722 5711 5712
	5710 5709 5713 5755 5754 5760 5758 5759 5761 6302
	6305 6307 6308 6309 6310 6311 6312 6313 6314 6315
	6316 6317 6318 6319 6320 6321 5481 5486 5487 5678
	5695 5696 5697 5703 5838 5871 5874 5875 5876 5888
	5915 5923 5692 5485 5489 5666 5665 5886 5885 5869
	5865 5868 5864 5857 5863 5862 5861 5860 5856 5854
	5852 5849 5847 5851 5859 5858 5891 5892 5873 6126
	5872 5845 5844 5843 5846 5842 5841 5839 5715 5840
	5835 5837 5836 5716 5702 5773 5698 5853 3244 3245
	6608 6607 6609 6600 5819 6601 6597 6605 5821 6603
	6604 6599 5822 6602 6610 6611 6598 6613 6612 6614
	5826 5823 5824 6615 6616 6617 6618 5825 5827 6619
	6620 6623 5828 5829 6621 6622 6626 6627 6628 5830
	6624 6625 6634 5832 6629 6630 5831 6631 6632 6633
	5818 5714 6129 6130 6131 6132 6133 6134 6135 3234
	3235 3236 3237 3238 3239 3240 3241 3242 3243 6064
	6065 6066 6068 6070 6566 6570 6573 6576 6577 6578
	3232 3233 6734 6733 6732 6731 6730 6726 6725 6722
	6723 6724 6718 6720 6721 6713 6714 6716 6705 6744
	6745 6742 6743 6736 6737 6739 6703 6704 6702 6707
	6708 6709 6701 6700 6699 6698 6697 6693 6694 6695
	6696 6687 6688 6690 6692 6685 6711 6686 3206 5893
	5895 5896 5894 5897 5898 5899 5926 5902 5904 5906
	5900 5901 5919 5903 5905 5914 5910 5929 5930 5934
	5935 5940 5941 5942 5943 5946 5948 5949 5950 5944
	5945 5947 5936 5937 5938 5939 5833 5834 6030 5908
	5911 5912 5913 5907 5909 5927 5928 5931 5918 5920
	5921 5932 5964 5922 5924 5925 6023 5966 5967 5968
	5933 5962 5963 5965 5969 6062 5970 5971 5972 5975
	5976 5977 5978 5980 5954 5955 5957 5958 5959 5956
	5960 5961 5979 5951 5952 5953 6003 5973 5988 5990
	5981 5982 5983 5974 5985 5989 5984 5986 5987 5999
	6002 5996 5997 6001 5994 5995 6005 6004 6006 6007
	6008 5991 5992 5993 5998 5650 5651 5652 5642 5645
	5648 5649 5646 5657 5658 5634 5635 5653 5630 5631
	5632 5633 5636 5637 5638 5627 5628 5629 5639 5640
	5643 5647 5644 5659 5660 5663 5619 5620 5661 5662
	5618 5626 5641 5670 5622 5623 5624 5625 5855 6010
	6011 6012 5654 6013 6014 6031 6032 6669 6009 6060
	6673 6021 6020 6019 6015 6670 6672 6016 6018 6671
	6674 6017 6675 6034 6035 6036 6038 6039 6040 6041
	6042 6043 6678 6128 5582 5585 5586 5578 5580 5583
	5584 5549 5550 5581 6647 6648 5575 5576 5577 5579
	5570 5571 5572 5573 5558 5563 5574 5562 5565 5566
	5546 5547 5548 6646 5540 5541 5542 5543 5557 5560
	5564 5671 6645 5545 6649 6650 3247 3248 5530 5531
	6637 5529 5536 5544 5552 5556 6717 5614 5616 5617
	6636 5600 5612 5613 6642 5607 5608 5621 6639 5605
	5609 5611 6640 5567 5568 5569 5587 5602 6644 6643
	5588 5589 5591 5553 5554 5555 6740 5519 5687 6666
	6667 6706 5518 5669 6668 6729 5538 5595 5597 5598
	5596 5601 5603 5606 5499 5599 5615 6710 5514 5517
	5521 5534 6641 5508 5515 5516 6655 6719 5593 5594
	6662 6727 6691 5500 5686 5498 5590 5688 5689 6741
	5551 6665 6712 6638 6738 5497 5496 6664 5501 6735
	5502 6118 5520 5522 5539 6606 5526 5527 5528 6658
	5439 5524 5525 6592 6657 5523 6654 6656 6659 5504
	5505 5506 5507 6684 6661 5509 6653 5510 5513 6652
	6660 5512 5511 5495 5456 5691 3207 3208 3209 3210
	3211 3212 3213 3214 3215 3216 3217 3218 3219 3220
	3221 3222 5850 5717 6033 3254 3255 3256 3257 3258
	3259 3260 6234 6235 6233 6232 6231 6230 6229 6228
	6227 6226 6225 6224 6222 6218 6197 6195 6194 6863
	6163 6217 6180 6215 6211 6212 6213 6186 6210 6872
	6209 6871 6208 6204 6205 6203 6193 6191 6189 6185
	6183 6864 6188 6201 6184 6181 6166 6164 6177 6178
	6176 6175 6867 6174 6172 6167 6169 6162 6160 6161
	6159 6158 6207 6157 6182 6155 6156 6154 6179 6200
	6925 6926 6929 6930 6934 6936 6935 3537 6939 6940
	6942 6944 6951 6950 6952 6953 6949 6947 6948 6334
	6336 6967 6968 6969 6972 6974 6975 6971 6970 6973
	6976 6982 6981 6980 6979 6977 6978 6989 6984 6983
	6987 6986 6985 6995 6996 6954 6955 6956 6957 6958
	6959 6960 6961 6962 6963 6964 6965 6966 3489 3172
	3171 3174 3173 3182 3325 3328 3496 3331 3327 3493
	3495 3494 3504 3510 3509 3507 3506 3345 3346 3512
	3515 3513 3514 3511 3503 3330 3329 3499 3516 3498
	3497 3500 3501 3502 3347 3348 3349 3352 3338 3337
	3339 3353 3351 3350 3356 3354 3355 3357 3359 3335
	3336 3340 3360 3361 3386 3363 3364 3342 3334 3333
	3343 3344 3505 3341 3367 3368 3369 3370 3061 3371
	3372 3373 3374 3375 3376 3377 3378 3379 3380 3381
	3421 3422 3382 3383 3366 3365 3384 3385 3387 3396
	3358 3388 3395 3389 3401 3402 3411 3423 3410 3390
	3392 3393 3394 3429 3430 3431 3432 3403 3409 3408
	3404 3391 3406 3405 3407 6431 3433 3434 3436 3435
	3442 3443 3444 3448 3447 3452 3455 3454 3456 3736
	3737 3738 3739 3740 1 2 3 5 6 8
	9 10 11 13 15 16 17 18 19 20
	21 22 23 24 25 26 27 28 29 30
	31 32 33 34 37 38 41 42 44 45
	52 53 54 55 56 57 58 59 60 61
	63 66 67 68 69 70 71 72 73 74
	75 77 78 79 80 82 83 87 90 92
	93 94 95 96 102 104 105 106 107 108
	109 110 111 112 113 114 117 119 121 123
	124 125 128 130 131 132 133 134 135 136
	137 139 151 152 153 154 155 156 157 158
	159 160 161 162 163 164 166 168 205 207
	209 214 215 216 233 234 249 251 254 255
	259 260 262 264 265 266 267 268 269 271
	272 273 274 275 276 277 278 279 280 281
	282 284 287 289 292 295 296 297 298 327
	328 329 330 333 347 362 363 366 394 408
	409 410 411 412 413 416 420 445 447 448
	449 451 506 507 510 512 513 514 515 520
	522 524 526 529 533 544 545 554 556 557
	575 576 587 610 614 617 618 619 620 623
	632 653 654 657 658 663 664 665 669 670
	671 838 899 900 905 906 908 909 910 911
	914 915 916 917 921 922 925 926 927 1018
	1115 1116 1117 1127 1129 1138 1139 1140 1141 1146
	1147 1149 1150 1152 1155 1158 1787 1800 1821 1822
	1823 1825 1838 1839 1840 1841 1846 1847 1848 1849
	1850 1851 1858 1878 1961 1992 2004 2007 2008 2009
	2010 2013 2024 2025 2026 2027 2031 2032 2033 2034
	2036 2039 2049 2159 2325 2450 2557 2608 2609 2627
	2629 2632 2634 2636 2638 2647 2650 2654 2655 2656
	2657 2660 2661 2663 2664 2665 2682 2683 2684 2686
	2687 2689 2690 2691 2694 2697 2704 2712 2715 2716
	2729 2766 2767 2770 2776 2777 2778 2780 2782 2783
	2785 2815 2816 2817 2841 2842 2921 2922 3147 3148
	3268 3306 3307 3308 3309 3415 3532 3665 3666 3667
	3669 3671 3672 3673 3676 3677 3678 3682 3683 3684
	3686 3687 3690 3691 3693 3694 3700 3701 3704 3705
	3706 3707 3708 3709 3713 3718 3722 3727 4527 4929
	4995 5052 5053 5054 5055 5056 5072 5073 5074 5076
	5077 5080 5082 5085 5086 5088 5204 5339 5340 5341
	5343 5349 5351 5352 5353 5354 5363 5366 5367 5368
	5369 5370 5371 5372 5373 5374 5376 5377 5384 5387
	5400 5401 5402 5403 5404 5406 5408 5410 5411 5412
	5413 5414 5415 5416 5417 5423 6150 6242 6256 6257
	6325 6326 6331 6332 6333 6342 6350 6351 6354 6358
	6361 6362 6364 6366 6369 6375 6379 6381 6385 6386
	6387 6388 6401 6405 6407 6416 6417 6418 6420 6421
	6427 6428 6433 6437 6438 6439 6442 6443 6444 6445
	6446 6447 6448 6449 6451 6452 6453 6454 6455 6457
	6459 6460 6461 6463 6464 6465 6466 6467 6468 6469
	6472 6473 6474 6475 6479 6480 6481 6556 6762 6892
	6900 6902 6904 6932 6937 8057 8058 8059 8060 8061
	8062 8063 8064 8065 8066 8067 8068 8069 8070 8071
	8072 8073 8074 8075 8161 8162 8163 8164 8165 8166
	8167 8168 8169 8170 8171 8172 8173 8174 8175 8176
	8177 8178 8179 8180 8184 8185 8186 8187 8188 8189
	8190 8191 8192 8193 8194 8195 8196 8197 8198 8199
	8200 8201 8202 8203 8204 8205 8206 8207 8208 8209
	8210 8211 8212 8213 8214 8215 8216 8217 8218 8317
	8318 8320 
}
arid = { 
	#Haraf
	2092 2133 2130 2129 2127 2115 2824 2822 2827 2138
	2826 2823 2097 2096 2825 2059 2060 1950 4657 4658
	399 397 398 396 383 395 401 392 393 390
	491 453 454 455 459 456 457 460 461 465
	470 490 502 592 487 485 488 489 504 505
	492 493 495 497 498 499 500 501 458 6100
	6101 6102 6104 6103 6097 6096 6098 6099 6095 6094
	6093 6092 6091 3193 3194 3195 3196 679 680 682
	683 685 693 692 686 688 689 687 691 597
	570 568 605 606 690 681 684 583 571 566
	2900 2901 2902 2903 2904 2905 2906 2907 2908 2909
	2910 2911 2912 2913 2915 2916 2917 2918 2919 2920
	2923 2924 2925 2926 2927 2928 2929 2930 3197 2439
	2441 2447 2440 2438 2442 2448 2451 2452 2453 2454
	2416 2385 2458 2457 1195 2455 2382 2456 2435 4328
	4402 4403 2512 2336 2345 2335 2333 2332 2346 2331
	2347 2307 2308 2309 2337 2338 2306 2305 2301 2304
	2302 2300 2303 2294 2299 2298 2295 2296 2297 2250
	2252 2248 2249 2572 2571 2570 2568 2574 2573 2558
	2559 2560 2562 2592 2652 2612 2613 2590 2567 2566
	2565 2576 2577 2578 2579 2588 2575 2580 2581 2589
	2585 2582 2583 2584 2586 2611 2610 2587 2591 2464
	2468 2470 2472 2462 2461 2460 2593 2653 6755 1791
	2555 2556 1785 6750 6753 6754 6752 6123 2554 2599
	2600 2596 2597 2598 2601 2602 2603 2604 2605 2607
	1879 1864 1957 2855 1863 1862 1861 1860 1854 1859
	1857 1855 1853 1852 1810 4361 4363 4482 4445 4446
	4548 4441 4443 4433 4432 4429 4428 4424 4481 4472
	4461 4457 4455 4452 4449 4448 4447 4475 4370 5801
	5799 5795 5794 5793 5789 5736 5735 5734 5732 5733
	5731 5718 5719 5675 5674 5796 5802 5803 5814 5800
	5798 5787 5788 5742 5737 5745 5746 5730 5729 5682
	5681 5683 5680 5815 5817 5816 5813 5804 5811 5797
	5786 6595 6594 6593 6303 6304 6306 5475 5476 5533
	5480 5477 5472 5532 5465 5461 5432 5433 5431 5434
	5667 5437 5436 5668 4400 5435 5464 5463 5462 5474
	5473 5468 5469 5466 5467 5471 5459 5440 5441 5449
	5443 5442 5452 5457 5460 5438 5451 5450 5453 4896
	4905 4943 4780 4757 4966 4749 4747 4823 4739 4954
	4705 5399 5397 5398 5396 5395 5383 5422 5381 5382
	5379 5418 5378 5338 5375 5407 5214 6800 6801 6802
	6803 6804 6805 6806 6821 6823 6825 6826 6827 6828
	6829 6831 6807 6808 6809 6832 6833 6834 6835 6836
	6837 6839 6840 6841 6844 6846 6847 6848 5087 5092
	5093 5094 5095 5098 5097 5096 5099 5100 5101 5102
	5103 5104 5105 5153 5155 5157 5159 5161 5162 5165
	5168 5170 5172 5171 5173 5174 5175 5176 3271 3272
	3274 3269 3270 3264 3265 3266 3267 5848 6054 6056
	6057 6058 6059 6063 6071 6083 6084 6085 6567 6568
	6569 6571 6572 6574 6579 6580 6581 6582 6583 6584
	6586 6681 6682 6683 6055 6080 6081 6082 6049 6047
	6127 6679 6677 6052 6046 6048 6050 6051 6061 6587
	6590 6591 3224 3225 3226 3227 3228 3229 3230 3231
	6044 6045 6000 6680 6037 6676 5792 5790 5791 5444
	5445 5446 5447 5448 5503 6651 3277 3278 3279 3280
	3286 3289 3290 3287 3283 3284 3285 3300 3299 3298
	3296 3295 3294 3293 3292 3302 3303 3304 3305 3310
	3311 3441 3445 3453 3446 3440 3437 3438 3439 3451
	3450 3466 3465 3449 3467 3468 3471 3470 3469 3475
	3477 3473 3472 3474 3478 3479 3480 3476 3481 7034
	3482 7028 3483 3484 3485 6482 3546 3547 3548 3549
	3663 3550 3551 3552 3553 6877 7 12 76 103
	116 122 126 129 138 140 141 142 143 144
	145 146 147 148 149 165 169 170 171 172
	174 175 176 177 178 181 191 192 193 194
	201 202 203 204 206 208 210 213 217 218
	219 220 221 222 223 224 225 226 227 228
	229 230 231 232 235 236 237 238 239 240
	241 242 243 244 245 246 247 248 250 252
	253 256 257 258 261 263 270 294 299 300
	301 302 303 304 305 306 307 308 309 310
	311 312 313 314 315 316 317 318 319 320
	321 322 323 324 325 326 332 334 335 336
	337 338 339 340 341 342 343 344 346 348
	349 351 352 353 354 355 356 357 358 359
	360 361 414 415 417 418 419 421 422 423
	424 425 426 427 428 429 430 431 432 433
	434 435 436 437 438 439 440 441 442 443
	444 446 450 508 509 511 519 525 527 579
	649 650 651 652 655 656 659 660 661 662
	666 667 668 672 673 674 675 676 677 678
	695 696 697 698 699 700 701 702 703 704
	705 706 707 708 709 710 711 712 713 714
	715 716 717 718 719 720 721 722 723 724
	725 726 727 728 729 730 731 747 749 750
	751 752 753 754 755 756 757 758 759 760
	761 762 763 764 765 766 767 768 769 770
	771 772 773 774 775 776 777 778 779 780
	781 782 783 784 785 786 787 788 789 790
	791 792 793 794 795 796 797 798 799 800
	801 802 803 804 805 806 807 808 809 810
	811 812 813 814 815 816 817 818 819 820
	821 822 823 824 825 826 827 828 829 830
	831 832 833 834 835 836 837 839 840 841
	842 843 844 845 847 848 851 853 854 855
	856 857 864 865 866 869 873 874 875 876
	877 883 885 886 887 888 889 890 891 892
	893 894 898 901 902 903 904 907 912 913
	918 919 920 923 949 951 952 953 955 956
	957 958 959 961 966 967 975 977 978 980
	982 993 997 1001 1012 1013 1014 1015 1016 1110
	1111 1113 1114 1118 1119 1124 1125 1126 1128 1151
	1157 1160 1161 1162 1163 1164 1165 1166 1167 1168
	1169 1170 1171 1172 1174 1175 1177 1178 1180 1181
	1182 1183 1186 1187 1188 1189 1190 1191 1192 1193
	1194 1201 1202 1203 1204 1205 1207 1208 1209 1210
	1211 1212 1420 1523 1755 1756 1757 1758 1759 1764
	1771 1780 1782 1792 1805 1809 1813 1815 1816 1817
	1818 1819 1820 1824 1837 1875 1962 1963 1967 1969
	1986 1988 1990 1993 1996 1997 1998 1999 2003 2005
	2011 2012 2014 2015 2016 2017 2047 2050 2200 2208
	2283 2425 2437 2459 2488 2503 2538 2548 2606 2615
	2628 2637 2639 2646 2648 2649 2658 2659 2666 2667
	2742 2779 2781 2784 2786 2807 2808 2809 2811 2812
	2813 2814 2818 2819 2821 2836 2837 2838 2839 2840
	2843 2845 2846 2847 2849 2850 2851 2852 2853 2862
	2936 2938 2942 2963 3312 3556 3557 3664 3668 3670
	3674 3675 3679 3680 3681 3685 3688 3689 3692 3702
	3703 3710 3711 3712 3714 3715 3716 3717 3719 3720
	3721 3726 4100 4115 4116 4154 4169 4172 4238 4323
	4642 4650 4651 4652 4653 4654 4655 4656 4812 4828
	4829 4831 4832 4833 4834 4843 4902 4969 4970 4971
	4972 4973 4974 5027 5029 5031 5032 5038 5039 5040
	5041 5042 5043 5044 5045 5046 5047 5048 5049 5050
	5051 5057 5058 5059 5060 5061 5062 5063 5064 5065
	5066 5067 5068 5069 5070 5071 5075 5078 5079 5081
	5084 5089 5090 5091 5109 5110 5111 5112 5113 5114
	5115 5117 5118 5119 5120 5121 5122 5123 5124 5125
	5126 5127 5128 5129 5130 5131 5132 5133 5134 5135
	5136 5137 5138 5139 5140 5141 5142 5143 5144 5145
	5146 5147 5148 5149 5150 5151 5152 5154 5156 5158
	5160 5163 5164 5166 5167 5177 5179 5180 5184 5185
	5186 5187 5188 5189 5190 5191 5192 5195 5240 5249
	5250 5251 5252 5253 5254 5255 5256 5257 5258 5259
	5260 5261 5262 5263 5264 5265 5266 5267 5268 5269
	5270 5271 5272 5273 5274 5275 5276 5277 5278 5279
	5280 5281 5282 5283 5284 5285 5286 5287 5288 5289
	5290 5291 5292 5293 5294 5295 5296 5297 5298 5299
	5300 5301 5302 5304 5305 5306 5337 5342 5345 5346
	5347 5348 5350 5355 5356 5357 5359 5362 5364 5365
	5380 5405 5409 5421 6241 6245 6249 6250 6255 6341
	6343 6345 6346 6348 6349 6353 6355 6356 6360 6363
	6365 6367 6368 6370 6377 6389 6390 6391 6393 6396
	6403 6406 6410 6422 6425 6426 6441 6557 6558 6560
	6561 6562 6565 6759 6799 6812 6813 6814 6815 6816
	6817 6818 6819 6845 8030 8048 8049 8050 8083 8181
	8182 8183 8226 8300 8301 8302 8303 8304 8305 8306
	8307 8308 8309 8310 8311 8312 8313 8314 8315 8316
	8319 8321 8322 8323 8324 8325 8326 8327 8328 8329
	8330 8331 8332 8333 
	8283 8286 8287 8288
}
arctic = { 
	# Dalaire
	2787 1233 1232 1231 1226 1223 1220 1225 1222 1229
	968 970 985 995 996 999 2830 2832 2834 2835
	6171 6220 6240 2953 2426 6265 6266 6277 2833 6279
	6281 6283 6285 6276 6282 2798 1770 2802 2800 2801
	1230 2516 1234 1227 1228 2789 2790 2791 2792 1989
	1769 1753 1752 1751 1746 2799 1247 1248 1249 1246
	1245 1243 1244 1241 1240 1273 2797 2749 1762 1768
	1763 1761 2569 1754 1749 1318 2482 2820 1235 5001
	5002 5003 5006 5007 5008 5010 5011 5012 5320 5321
	5323 1772 6173 6187 6196 6214 6286 6287 5207 5208
	5209 5210 5212 5218 5219 5221 4986 4987 4988 4989
	4990 4991 4992 4993 5220 5324 5327 5427 6511 6512
	6822 6824 6830 6842 6378 6392 6395 6397 6404 6440
	4 64 65 120 150 167 173 179 180 182
	183 184 187 188 190 195 196 197 198 199
	200 211 212 345 350 364 377 694 732 733
	734 735 736 737 738 739 740 741 742 743
	744 745 746 748 846 849 850 852 858 859
	860 861 862 863 867 868 870 871 872 878
	879 880 881 882 884 895 896 897 924 950
	954 960 962 963 964 965 969 971 972 973
	974 976 979 981 983 984 986 987 988 989
	990 991 992 994 998 1000 1109 1112 1120 1121
	1122 1123 1153 1154 1156 1159 1176 1179 1184 1185
	1196 1197 1198 1199 1200 1206 1213 1214 1215 1216
	1217 1218 1219 1224 1236 1237 1238 1239 1242 1483
	1485 1486 1487 1488 1489 1492 1493 1694 1723 1742
	1743 1744 1745 1747 1748 1750 1760 1765 1766 1767
	1773 1774 1775 1776 1777 1778 1781 1783 1789 1801
	1804 1806 1887 1890 1964 1965 1966 1968 1970 1971
	1972 1973 1974 1978 1979 1981 1982 1983 1984 1985
	1987 1994 1995 2000 2001 2002 2006 2194 2471 2662
	2793 2794 2795 2796 2829 2831 2844 2848 2863 3186
	3187 3188 3189 3313 3314 3362 3508 3723 3724 3725
	4020 4097 4123 4125 4129 4131 4132 4133 4134 4135
	4136 4142 4143 4145 4146 4147 4151 4152 4153 4155
	4156 4157 4158 4160 4161 4162 4164 4166 4167 4168
	4171 4173 4174 4175 4176 4177 4180 4181 4182 4183
	4184 4189 4190 4191 4192 4193 4194 4195 4196 4197
	4198 4199 4200 4201 4202 4321 4553 4830 4994 4996
	4997 4998 4999 5000 5004 5005 5009 5013 5014 5015
	5016 5017 5018 5019 5020 5021 5022 5023 5024 5025
	5026 5028 5030 5033 5034 5035 5036 5037 5106 5107
	5108 5116 5169 5178 5181 5182 5183 5193 5194 5196
	5197 5198 5199 5200 5201 5202 5203 5205 5206 5211
	5213 5215 5216 5217 5222 5223 5224 5225 5226 5227
	5228 5229 5230 5231 5232 5233 5234 5235 5236 5237
	5238 5239 5241 5242 5243 5244 5245 5246 5247 5248
	5303 5322 5325 5326 5328 5329 5330 5331 5332 5333
	5334 5335 5336 5344 5358 5360 5361 5419 5430 6124
	6168 6198 6244 6246 6247 6248 6267 6268 6269 6270
	6271 6272 6273 6274 6275 6278 6280 6284 6288 6289
	6380 6382 6394 6502 6513 6553 6554 6563 6564 6810
	6811 6820 8334 8335 8336 8337 8338 
}
#Example: Most of Europe north of med.
mild_winter = { 
	# Businor
	363 362 93 94 106 83 82 90 96 58
	102 104 105 78 67 74 68 61 69 114
	108 79 80 95 70 71 77 117 112 110
	111 113 121 75 92 107 87 119 59 33
	32 34 38 72 73 128 123 124 125 366
	408 63 66 130 131 132 136 162 161 164
	160 159 166 163 139 137 133 158 152 135
	134 10 13 15 17 28 23 24 27 26
	41 42 57 18 153 154 156 157 151 11
	8 168 3 6 5 2 9 20 31 19
	22 16 21 30 394 109 45 25 276 330
	37 277 899 52 53 54 55 56 29 292
	328 281 297 279 910 298 327 906 289 287
	282 284 329 296 278 838 587 575 275 269
	265 905 917 909 273 272 271 900 266 267
	264 260 911 259 262 255 254 908 280 274
	916 333 268 44 576 409 410 411 412 413
	416 420 295 921 922 60 155 205 216 251
	233 234 915 914 214 215 207 209 347 249
	524 445 451 447 448 449 3713 3718 3722 658
	653 654 665 664 663 610 614 617 618 619
	620 623 632 533 556 554 557 657 545 544
	669 671 670 526 520 529 522 2921 2922 2608
	3268 1115 1116 2450 1117 2557 1992 1018 1127 1129
	1961 2609 925 926 927 1 2013 2004 2025 2007
	2024 2027 2036 2026 2008 2009 2010 2032 2031 2049
	2034 2039 2033 2159 6256 6257 6242 6556 2815 2817
	2816 2841 1138 1139 1140 1141 1155 1158 1821 1878
	1822 1825 1800 1846 1847 1848 1823 2842 1838 1839
	2729 1840 1841 1858 1850 1849 1851 1152 1147 1150
	1146 2783 1149 4527 4929 1787 4995 6150 5367 5363
	5366 5351 5349 5352 5353 5354 5410 5411 5413 5414
	5416 5417 5412 5415 5408 5369 5368 5423 5404 5370
	5371 5401 5400 5052 5053 5055 5073 5054 5056 5072
	5074 5076 5077 5080 5082 5085 5086 5088 5392 5393
	5391 5387 5389 5388 5390 5385 5384 5386 2780 2782
	2785 2766 2778 2777 2776 2770 2767 2716 2634 2682
	2683 2684 2686 2687 2689 2690 2694 2697 2660 2661
	2665 2647 2638 2636 2632 2663 2664 2629 2627 2654
	2655 2656 2657 2650 2715 2712 2704 2691 2325 506
	507 510 512 513 514 515 6762 3309 3308 3307
	3306 3727 3694 3708 3709 3693 3700 3701 3706 3707
	3691 3690 3705 3704 3683 3682 3684 3676 3678 3677
	3671 3673 3672 3687 3669 3665 3686 3666 3667 6350
	6354 6361 6366 6369 6381 6388 6387 6386 6453 6455
	6418 6417 6331 6452 6466 6385 6442 6445 6443 6446
	6447 6449 6448 6461 6464 6468 6475 6479 6481 6332
	6473 6420 6433 6428 6438 5439 6405 6364 6342 6326
	6375 6401 6439 6459 6460 6465 6480 6333 6351 6427
	6421 6474 6379 6454 6457 6469 6416 6407 6437 6444
	6451 6467 6362 6325 6358 6472 6463 6932 6937 6902
	6900 6904 3415 3532 3147 3148 6892 1059 1060 1061
	1062 1063 1064 1065 1107 1130 1680 1865 1868 1870
	1872 1876 1925 1930 1941 1942 1944 1945 1946 1947
	1948 1951 1955 1960 2064 2065 2066 2067 2068 2069
	2070 2071 2074 2075 2077 2084 2085 2087 2089 2090
	2094 2095 2098 2099 2100 2101 2102 2103 2104 2105
	2106 2108 2109 2110 2111 2112 2113 2114 2116 2117
	2118 2119 2120 2122 2128 2131 2132 2134 2136 2137
	2139 2140 2142 2145 2146 2148 2149 2150 2151 2152
	2154 2156 2160 2162 2163 2164 2165 2166 2167 2168
	2169 2172 2176 2177 2178 2179 2181 2182 2183 2184
	2185 2186 2187 2188 2189 2190 2191 2192 2193 2195
	2196 2197 2198 2199 2201 2202 2203 2204 2205 2206
	2207 2209 2210 2211 2212 2213 2214 2215 2216 2217
	2218 2219 2220 2221 2222 2223 2224 2225 2226 2227
	2228 2229 2232 2233 2234 2235 2236 2237 2238 2239
	2240 2242 2264 2265 2266 2267 2268 2269 2270 2271
	2272 2273 2274 2275 2276 2277 2278 2279 2280 2281
	2282 2284 2285 2286 2287 2288 2289 2290 2291 2292
	2293 2339 2340 2341 2342 2343 2344 2348 2349 2350
	2351 2352 2359 2360 2361 2362 2363 2364 2365 2366
	2367 2368 2369 2370 2371 2372 2373 2374 2375 2376
	2377 2378 2379 2380 2381 2383 2384 2386 2387 2388
	2389 2390 2391 2392 2393 2395 2396 2397 2398 2399
	2400 2401 2402 2403 2404 2405 2406 2407 2408 2409
	2411 2412 2413 2414 2415 2417 2418 2419 2420 2421
	2422 2423 2424 2427 2428 2429 2430 2431 2432 2433
	2434 2436 2443 2444 2445 2446 2463 2466 2467 2473
	2474 2475 2477 2478 2479 2480 2481 2483 2484 2485
	2486 2487 2489 2490 2491 2492 2494 2507 2552 2803
	2804 2805 2806 3061 3171 3172 3173 3174 3182 3205
	3206 3207 3208 3209 3210 3211 3212 3213 3214 3215
	3216 3217 3218 3219 3220 3221 3222 3232 3233 3234
	3235 3236 3237 3238 3239 3240 3241 3242 3243 3244
	3245 3246 3247 3248 3249 3250 3251 3252 3253 3254
	3255 3256 3257 3258 3259 3260 3325 3327 3328 3329
	3330 3331 3333 3334 3335 3336 3337 3338 3339 3340
	3341 3342 3343 3344 3345 3346 3347 3348 3349 3350
	3351 3352 3353 3354 3355 3356 3357 3358 3359 3360
	3361 3363 3364 3365 3366 3367 3368 3369 3370 3371
	3372 3373 3374 3375 3376 3377 3378 3379 3380 3381
	3382 3383 3384 3385 3386 3387 3388 3389 3390 3391
	3392 3393 3394 3395 3396 3401 3402 3403 3404 3405
	3406 3407 3408 3409 3410 3411 3421 3422 3423 3429
	3430 3431 3432 3433 3434 3435 3436 3442 3443 3444
	3447 3448 3452 3454 3455 3456 3489 3493 3494 3495
	3496 3497 3498 3499 3500 3501 3502 3503 3504 3505
	3506 3507 3509 3510 3511 3512 3513 3514 3515 3516
	3537 3736 3737 3738 3739 3740 4364 4366 4367 4369
	4371 4372 4374 4375 4377 4380 4382 4383 4384 4386
	4387 4388 4389 4390 4392 4393 4394 4395 4396 4398
	4399 4406 4409 4418 4420 4470 4486 4487 4489 4492
	4493 4494 4495 4496 4497 4498 4499 4501 4502 4503
	4547 4551 4554 4555 4556 4557 4558 4560 4561 4562
	4563 4564 4565 4566 4567 4568 4569 4570 4571 4572
	4573 4574 4575 4576 4577 4578 4579 4580 4581 4582
	4583 4584 4585 4586 4587 4588 4589 4590 4591 4592
	4593 4594 4595 4596 4597 4598 4599 4600 4601 4602
	4603 4604 4605 4606 4607 4608 4609 4610 4612 4614
	4615 4694 4695 4697 4698 4699 4700 4701 4702 4706
	4707 4708 4709 4710 4711 4712 4713 4714 4715 4716
	4717 4718 4719 4720 4721 4722 4723 4724 4725 4726
	4727 4728 4729 4730 4731 4732 4733 4734 4735 4736
	4737 4740 4741 4742 4745 4746 4748 4752 4753 4765
	4766 4767 4768 4769 4770 4771 4772 4773 4774 4784
	4798 4802 4803 4804 4805 4807 4835 4836 4837 4838
	4839 4840 4841 4884 4888 4946 4953 4955 4956 4957
	4958 4959 4961 4962 4963 4964 4965 4982 4983 4984
	5204 5339 5340 5341 5343 5372 5373 5374 5376 5377
	5402 5403 5406 5454 5455 5456 5458 5470 5481 5485
	5486 5487 5488 5489 5490 5491 5492 5493 5494 5495
	5496 5497 5498 5499 5500 5501 5502 5504 5505 5506
	5507 5508 5509 5510 5511 5512 5513 5514 5515 5516
	5517 5518 5519 5520 5521 5522 5523 5524 5525 5526
	5527 5528 5529 5530 5531 5534 5536 5538 5539 5540
	5541 5542 5543 5544 5545 5546 5547 5548 5549 5550
	5551 5552 5553 5554 5555 5556 5557 5558 5560 5562
	5563 5564 5565 5566 5567 5568 5569 5570 5571 5572
	5573 5574 5575 5576 5577 5578 5579 5580 5581 5582
	5583 5584 5585 5586 5587 5588 5589 5590 5591 5593
	5594 5595 5596 5597 5598 5599 5600 5601 5602 5603
	5605 5606 5607 5608 5609 5611 5612 5613 5614 5615
	5616 5617 5618 5619 5620 5621 5622 5623 5624 5625
	5626 5627 5628 5629 5630 5631 5632 5633 5634 5635
	5636 5637 5638 5639 5640 5641 5642 5643 5644 5645
	5646 5647 5648 5649 5650 5651 5652 5653 5654 5657
	5658 5659 5660 5661 5662 5663 5664 5665 5666 5669
	5670 5671 5677 5678 5679 5684 5685 5686 5687 5688
	5689 5691 5692 5693 5694 5695 5696 5697 5698 5699
	5700 5702 5703 5704 5705 5706 5707 5708 5709 5710
	5711 5712 5713 5714 5715 5716 5717 5720 5721 5722
	5723 5724 5725 5726 5727 5728 5738 5739 5740 5741
	5743 5744 5747 5748 5749 5750 5751 5752 5753 5754
	5755 5756 5757 5758 5759 5760 5761 5762 5763 5764
	5765 5766 5767 5768 5769 5770 5771 5772 5773 5774
	5775 5776 5777 5779 5780 5781 5782 5783 5784 5785
	5805 5806 5807 5808 5809 5810 5812 5818 5819 5821
	5822 5823 5824 5825 5826 5827 5828 5829 5830 5831
	5832 5833 5834 5835 5836 5837 5838 5839 5840 5841
	5842 5843 5844 5845 5846 5847 5849 5850 5851 5852
	5853 5854 5855 5856 5857 5858 5859 5860 5861 5862
	5863 5864 5865 5868 5869 5871 5872 5873 5874 5875
	5876 5885 5886 5888 5891 5892 5893 5894 5895 5896
	5897 5898 5899 5900 5901 5902 5903 5904 5905 5906
	5907 5908 5909 5910 5911 5912 5913 5914 5915 5918
	5919 5920 5921 5922 5923 5924 5925 5926 5927 5928
	5929 5930 5931 5932 5933 5934 5935 5936 5937 5938
	5939 5940 5941 5942 5943 5944 5945 5946 5947 5948
	5949 5950 5951 5952 5953 5954 5955 5956 5957 5958
	5959 5960 5961 5962 5963 5964 5965 5966 5967 5968
	5969 5970 5971 5972 5973 5974 5975 5976 5977 5978
	5979 5980 5981 5982 5983 5984 5985 5986 5987 5988
	5989 5990 5991 5992 5993 5994 5995 5996 5997 5998
	5999 6001 6002 6003 6004 6005 6006 6007 6008 6009
	6010 6011 6012 6013 6014 6015 6016 6017 6018 6019
	6020 6021 6023 6030 6031 6032 6033 6034 6035 6036
	6038 6039 6040 6041 6042 6043 6060 6062 6064 6065
	6066 6068 6070 6118 6126 6128 6129 6130 6131 6132
	6133 6134 6135 6136 6137 6138 6139 6140 6141 6142
	6144 6145 6146 6147 6148 6149 6151 6152 6153 6154
	6155 6156 6157 6158 6159 6160 6161 6162 6163 6164
	6166 6167 6169 6172 6174 6175 6176 6177 6178 6179
	6180 6181 6182 6183 6184 6185 6186 6188 6189 6191
	6193 6194 6195 6197 6200 6201 6203 6204 6205 6207
	6208 6209 6210 6211 6212 6213 6215 6217 6218 6222
	6224 6225 6226 6227 6228 6229 6230 6231 6232 6233
	6234 6235 6302 6305 6307 6308 6309 6310 6311 6312
	6313 6314 6315 6316 6317 6318 6319 6320 6321 6334
	6336 6431 6566 6570 6573 6576 6577 6578 6592 6597
	6598 6599 6600 6601 6602 6603 6604 6605 6606 6607
	6608 6609 6610 6611 6612 6613 6614 6615 6616 6617
	6618 6619 6620 6621 6622 6623 6624 6625 6626 6627
	6628 6629 6630 6631 6632 6633 6634 6636 6637 6638
	6639 6640 6641 6642 6643 6644 6645 6646 6647 6648
	6649 6650 6652 6653 6654 6655 6656 6657 6658 6659
	6660 6661 6662 6664 6665 6666 6667 6668 6669 6670
	6671 6672 6673 6674 6675 6678 6684 6685 6686 6687
	6688 6690 6691 6692 6693 6694 6695 6696 6697 6698
	6699 6700 6701 6702 6703 6704 6705 6706 6707 6708
	6709 6710 6711 6712 6713 6714 6716 6717 6718 6719
	6720 6721 6722 6723 6724 6725 6726 6727 6729 6730
	6731 6732 6733 6734 6735 6736 6737 6738 6739 6740
	6741 6742 6743 6744 6745 6863 6864 6867 6871 6872
	6925 6926 6929 6930 6934 6935 6936 6939 6940 6942
	6944 6947 6948 6949 6950 6951 6952 6953 6954 6955
	6956 6957 6958 6959 6960 6961 6962 6963 6964 6965
	6966 6967 6968 6969 6970 6971 6972 6973 6974 6975
	6976 6977 6978 6979 6980 6981 6982 6983 6984 6985
	6986 6987 6989 6995 6996 8057 8058 8059 8060 8061
	8062 8063 8064 8065 8066 8067 8068 8069 8070 8071
	8072 8073 8074 8075 8161 8162 8163 8164 8165 8166
	8167 8168 8169 8170 8171 8172 8173 8174 8175 8176
	8177 8178 8179 8180 8184 8185 8186 8187 8188 8189
	8190 8191 8192 8193 8194 8195 8196 8197 8198 8199
	8200 8201 8202 8203 8204 8205 8206 8207 8208 8209
	8210 8211 8212 8213 8214 8215 8216 8217 8218 8317
	8318 8320 
}
#Example: Inland Europe & Scandinavia
normal_winter = { 
	# Lencenor
	116 7 348 206 210 103 147 165 149 76
	12 170 145 148 144 169 146 177 178 176
	175 172 174 181 171 129 141 142 143 126
	213 336 138 140 122 299 898 308 309 302
	901 301 263 270 303 304 305 306 294 300
	332 311 320 310 912 307 318 907 903 312
	326 321 902 323 324 322 421 325 904 418
	419 313 316 317 319 315 913 414 415 918
	919 417 920 208 219 235 261 351 352 360
	359 353 354 355 356 361 423 314 422 779
	778 777 775 253 236 252 349 238 244 334
	250 256 342 258 357 358 257 248 245 246
	247 335 191 194 192 193 201 202 203 204
	340 217 218 224 237 239 243 338 221 222
	223 341 346 337 220 339 225 240 226 227
	228 241 229 230 232 231 343 344 242 695
	698 697 696 699 702 703 700 705 723 724
	752 731 707 704 706 722 721 709 712 701
	713 711 716 714 715 718 719 717 720 993
	952 708 953 959 997 961 958 955 956 957
	966 967 975 977 978 980 982 424 427 428
	426 425 430 441 440 439 438 431 432 433
	434 435 437 436 429 444 443 442 446 450
	804 3712 3714 3715 3716 3717 3719 3720 3721 710
	725 726 729 749 730 727 750 728 751 753
	758 759 761 763 762 757 760 767 756 792
	765 764 766 768 769 770 771 776 780 772
	773 774 781 782 785 786 787 789 784 783
	788 790 793 794 795 796 799 791 797 798
	800 808 801 809 810 802 803 805 807 806
	812 811 815 814 813 816 817 818 819 886
	887 889 892 893 894 820 822 824 826 827
	821 825 823 829 830 828 831 832 833 834
	835 836 755 837 839 754 842 747 848 840
	843 845 847 841 853 855 851 844 854 864
	869 865 866 874 873 883 891 888 885 875
	876 877 856 857 890 1782 651 662 661 659
	660 649 650 655 656 668 672 673 674 678
	675 676 677 519 527 525 666 667 652 2425
	2963 2942 4238 4100 1001 949 951 2459 1012 1124
	1119 2538 2548 1996 1114 2208 1113 2283 1111 1110
	2437 1998 1999 1014 1013 1015 1016 1126 1128 1204
	2851 1203 2846 1202 2845 1207 2847 2852 1209 1210
	1212 2853 1211 1201 2849 1208 2850 1813 1809 1963
	1962 1780 1967 2047 1986 1969 1988 1771 2012 1990
	1875 1118 1993 2005 1125 2011 2003 2014 2016 2017
	2050 2015 1997 1205 2503 6241 6557 6255 6250 6249
	6245 1837 2838 2488 2840 2742 2819 2784 2807 2781
	2811 2837 2839 2862 2814 1820 2813 2812 2808 2809
	1819 1160 1162 1163 1164 1165 1166 1167 1168 1169
	1170 1171 1172 1174 1175 1177 1178 1180 1181 1182
	1183 1186 1187 1188 1189 1190 1191 1192 1755 1756
	1757 1758 1759 1764 1193 1194 1792 2821 2843 1815
	1816 1817 1818 1824 2836 1151 2606 2615 1157 1161
	2818 4973 4831 4832 4969 4834 4970
	4829 4971 4812 4972 4828 4902 4843 4974 4642
	5027 5029 5031 5032 5038 5039 5040 5041 5042 5043
	5109 5111 5114 5115 5118 5119 5117 5110 5274 5275
	5273 5276 5277 5278 5286 5280 5287 5279 5288 5306
	5240 5291 5292 5293 5289 5290 5294 5295 5296 5297
	5298 5299 5301 5300 5302 5305 5285 5284 5283 5282
	5304 5281 5272 5271 5270 5269 5267 5265 5264 5263
	5261 5262 5249 5250 5251 5252 5268 5255 5256 5257
	5258 5266 5260 5259 5254 5253 5365 5364 5355 5356
	5357 5359 5347 5346 5362 5348 5350 5345 5342 5407
	4650 4651 4652 4653 4654 4655 4656 4833 5409 1805
	6558 5180 5187 5155 5156 5157 5158 5159 5160 5162
	5163 5164 5166 5167 5176 5168 5170 5171 5172 5173
	5174 5177 5184 5188 5189 5190 5191 5179 5186 5195
	5192 5185 5161 5165 4323 5049 5051 5057 5058 5050
	5060 5066 5048 5047 5059 5063 5044 5061 5062 5046
	5045 5064 5065 5067 5068 5069 5070 5071 5128 5112
	5113 5120 5121 5122 5123 5124 5125 5126 5127 5078
	5079 5131 5132 5075 5139 5140 5141 5142 5081 5144
	5145 5146 5149 5147 5148 5150 5143 5089 5090 5091
	5084 5151 5152 5154 5129 5130 5134 5133 5135 5136
	5137 5138 5153 2200 6560 6561 6562 6565 2786 2779
	2936 2666 2667 2646 2639 2637 2648 2649 2658 2659
	2628 1420 1523 2938 4115 4116 4169 579 923 508
	509 511 6759 3312 3311 3310 5175 6800 6801 6802
	6803 6804 6805 6806 6807 6808 6809 5214 5378 5379
	5382 5381 5383 5418 5422 5338 5337 5375 6840 6844
	6845 6846 6847 6799
	3726 3692 3685 3689 3675 3674 3688 3668 3702 3703
	3681 3680 3679 3670 3664 3710 3711 3557 3556 6345
	6346 6353 6355 6363 6360 6365 6368 6377 6393 6391
	6389 6396 6441 6406 6410 6422 6425 6341 6348 6349
	6370 6343 6356 4154 4172 6390 6403 6426 6367 383
	390 392 393 395 396 397 398 399 401 453
	454 455 456 457 458 459 460 461 465 470
	485 487 488 489 490 491 492 493 495 497
	498 499 500 501 502 504 505 566 568 570
	571 583 592 597 605 606 679 680 681 682
	683 684 685 686 687 688 689 690 691 692
	693 1195 1785 1791 1810 1852 1853 1854 1855 1857
	1859 1860 1861 1862 1863 1864 1879 1950 1957 2059
	2060 2092 2096 2097 2115 2127 2129 2130 2133 2138
	2248 2249 2250 2252 2294 2295 2296 2297 2298 2299
	2300 2301 2302 2303 2304 2305 2306 2307 2308 2309
	2331 2332 2333 2335 2336 2337 2338 2345 2346 2347
	2382 2385 2416 2435 2438 2439 2440 2441 2442 2447
	2448 2451 2452 2453 2454 2455 2456 2457 2458 2460
	2461 2462 2464 2468 2470 2472 2512 2554 2555 2556
	2558 2559 2560 2562 2565 2566 2567 2568 2570 2571
	2572 2573 2574 2575 2576 2577 2578 2579 2580 2581
	2582 2583 2584 2585 2586 2587 2588 2589 2590 2591
	2592 2593 2596 2597 2598 2599 2600 2601 2602 2603
	2604 2605 2607 2610 2611 2612 2613 2652 2653 2822
	2823 2824 2825 2826 2827 2855 2900 2901 2902 2903
	2904 2905 2906 2907 2908 2909 2910 2911 2912 2913
	2915 2916 2917 2918 2919 2920 2923 2924 2925 2926
	2927 2928 2929 2930 3193 3194 3195 3196 3197 3224
	3225 3226 3227 3228 3229 3230 3231 3264 3265 3266
	3267 3269 3270 3271 3272 3274 3277 3278 3279 3280
	3283 3284 3285 3286 3287 3289 3290 3292 3293 3294
	3295 3296 3298 3299 3300 3302 3303 3304 3305 3437
	3438 3439 3440 3441 3445 3446 3449 3450 3451 3453
	3465 3466 3467 3468 3469 3470 3471 3472 3473 3474
	3475 3476 3477 3478 3479 3480 3481 3482 3483 3484
	3485 3546 3547 3548 3549 3550 3551 3552 3553 3663
	4328 4361 4363 4370 4400 4402 4403 4424 4428 4429
	4432 4433 4441 4443 4445 4446 4447 4448 4449 4452
	4455 4457 4461 4472 4475 4481 4482 4548 4657 4658
	4705 4739 4747 4749 4757 4780 4823 4896 4905 4943
	4954 4966 5087 5092 5093 5094 5095 5096 5097 5098
	5099 5100 5101 5102 5103 5104 5105 5380 5395 5396
	5397 5398 5399 5405 5421 5431 5432 5433 5434 5435
	5436 5437 5438 5440 5441 5442 5443 5444 5445 5446
	5447 5448 5449 5450 5451 5452 5453 5457 5459 5460
	5461 5462 5463 5464 5465 5466 5467 5468 5469 5471
	5472 5473 5474 5475 5476 5477 5480 5503 5532 5533
	5667 5668 5674 5675 5680 5681 5682 5683 5718 5719
	5729 5730 5731 5732 5733 5734 5735 5736 5737 5742
	5745 5746 5786 5787 5788 5789 5790 5791 5792 5793
	5794 5795 5796 5797 5798 5799 5800 5801 5802 5803
	5804 5811 5813 5814 5815 5816 5817 5848 6000 6037
	6044 6045 6046 6047 6048 6049 6050 6051 6052 6054
	6055 6056 6057 6058 6059 6061 6063 6071 6080 6081
	6082 6083 6084 6085 6091 6092 6093 6094 6095 6096
	6097 6098 6099 6100 6101 6102 6103 6104 6123 6127
	6303 6304 6306 6482 6567 6568 6569 6571 6572 6574
	6579 6580 6581 6582 6583 6584 6586 6587 6590 6591
	6593 6594 6595 6651 6676 6677 6679 6680 6681 6682
	6683 6750 6752 6753 6754 6755 6812 6813 6814 6815
	6816 6817 6818 6819 6821 6823 6825 6826 6827 6828
	6829 6831 6832 6833 6834 6835 6836 6837 6839 6841
	6848 6877 7028 7034 8030 8048 8049 8050 8083 8181
	8182 8183 8226 8300 8301 8302 8303 8304 8305 8306
	8307 8308 8309 8310 8311 8312 8313 8314 8315 8316
	8319 8321 8322 8323 8324 8325 8326 8327 8328 8329
	8330 8331 8332 8333 
	8283 8286 8287 8288 8267 8268 8269 8270
}
#Example: Russia & Lappland
severe_winter = { 
	# Lencenor
	64 65 120 4157 4321 377 364 6513 4167 4162
	150 167 173 179 180 182 183 184 187 188
	190 197 198 199 200 211 212 345 694 1789
	3362 3508 3723 4160 6168 4 350 4161 4168 195
	196 733 734 740 736 735 990 992 991 987
	989 988 985 986 984 983 981 979 976 973
	972 974 954 964 965 971 970 968 998 969
	963 962 960 1000 994 995 996 999 737 738
	739 2829 2830 2831 2832 2833 2834 2835 2426 1781
	4146 6171 6220 6240 6198 4177 3186 3187 3188 3189
	6265 6266 6267 6268 6269 6270 6271 6272 6273 6274
	6275 6276 6277 6278 6279 6280 6281 6282 6283 6284
	6285 6286 6287 6288 6289 895 896 897 746 743
	850 849 846 852 858 860 861 868 870 863
	872 878 879 867 871 880 881 882 884 859
	862 741 745 742 744 748 732 1806 4097 1121
	1120 1123 1995 4155 4153 2863 4553 4020 4147 4156
	4999 3725 924 950 2787 2848 1217 1215 1214 1213
	1206 1218 1224 1226 1233 1232 1219 1223 1220 1225
	1222 1229 1231 2793 2794 1241 1240 1238 1237 1236
	1200 1216 1199 1744 1743 1242 1239 1989 1769 1753
	1762 2799 2749 1768 1752 1751 1761 1754 1746 1749
	1247 2482 1249 1248 2820 1273 1245 1246 1243 1244
	1318 1235 1763 2569 2795 2796 2789 2790 2791 2792
	1230 1228 1227 1234 2516 2802 2800 2801 1770 2798
	1109 1112 1985 2002 2006 1994 6502 1783 1801 3314
	3313 1723 1694 1487 1486 1492 1488 1485 1489 1493
	1483 1890 1887 2797 1984 1982 1776 1777 1778 1964
	1965 1971 1981 1983 1966 1968 1970 1775 1979 1972
	1973 1987 1974 1978 1122 1772 6554 6244 6246 6248
	6247 1742 1745 1198 1747 1748 1197 1196 1750 2662
	1760 1765 1767 1773 1774 1766 1804 1153 1154 2844
	1156 1159 1176 1179 1185 1184 4125 4129 4123 4142
	4131 4143 4158 4151 4152 4166 4164 4145 4194 4192
	4193 4195 4197 4196 4199 4198 4201 4202 4200 4190
	4191 4189 4183 4182 4181 4180 4184 4176 4171 4173
	4174 4175 4998 4997 4996 6173 6187 6196 6214 6124
	5430 4830 5323 5321 5320 5008 5010 5011 5007 5012
	5006 5002 5001 5303 5004 5003 5014 5013 5019 5020
	5021 5015 5106 5107 5017 5018 5108 5116 5005 5024
	5025 5026 5028 5030 5033 5034 5035 5036 5037 5322
	5022 5016 5023 5197 5198 5199 5200 5201 5202 5203
	5225 5224 5226 5227 5228 5230 5231 5229 5232 5233
	5234 5235 5244 5243 5245 5242 5241 5236 5237 5238
	5239 5246 5247 5248 5419 5344 3724 5358 5360 5361
	5205 5206 5207 5208 5209 5210 5211 5212 5219 5221
	5218 5213 5215 5222 5216 5335 5217 5223 5194 5196
	5183 4986 4987 4988 5324 4989 4990 4991 4992 5327
	5220 4993 5326 5328 5000 5427 5329 5330 5334 5009
	5332 5333 5331 5182 5193 5181 5178 5336 6810 6811
	6820 6511 6512 4994 5325 5169 6822 6824 6830 6842
	2194 6563 6564 6553 2000 2001 2471 2953 4132 4133
	4134 4135 4136 6382 6380 6378 6392 6395 6394 6397
	6440 6404 8334 8335 8336 8337 8338 
}
impassable = { 
	8029 1779 1781 1782 1783 1784 1786 1787 1788 1789
	1790 1793 1794 1795 1796 1797 1798 1799 1801 1802
	1803 1804 1805 1807 1808 1811 1812 1814 2194 2200
	2251 2334 2608 2740 2425 2936 3508 4146 4153 4154
	4155 4156 4157 4160 4161 4162 4167 4168 4170 4172
	4178 4179 4276 4321 4322 6168 6502 6504 6505 6506
	6507 6508 6509 6510 6198 5394 5395 5396 5397 5398
	5399 6558 6749 6288 3190 3191 3192 6689 5672 6596
	6746 6747 4995 4996 4997 4998 4999 6545 6546 3725
	3726 3727 5778 5559 5604 5610 5655 5656 5673 5701
	5866 5884 6026 6143 6239 6259 6260 6261 6262 6263
	6264 4863 4865 4866 4897 4929 6105 6106 6107 6108
	6109 6110 6111 6112 6113 6114 6115 6116 6117 5561
	5537 6119 6120 4677 4678 4679 4680 4681 4682 4684
	4685 4686 4687 4688 4689 6150 6121 6122 6124 6553
	6560 6561 6562 6563 6564 6565 6798 6799 4650 4651
	4652 4653 4654 4655 4656 6589 1420 1523 2938 4115
	4116 4159 4169 4177 2000 2001 2471 4132 4133 4134
	4135 4136 4000 3198 3199 3200 3201 3202 3203 3204
	3261 3262 3275 3276 3281 3288 3291 3309 3301 3297
	3314 3142 3143 3144 3145 3146 3147 3148 3531 3532
	3533 3534 3535 3536 3536 3538 3556 3557 3558 3710
	3711 6477 6472 6467 6413 6416 6426 6432 6451 6456
	6457 6463 6887 6892 6325 6328 6335 6337 6339 6343
	6356 6358 6362 6367 6374 6379 6390 6403 6407 6437
	6444 6450 4001 4002 4003 4004 4005 4006 4007 4008
	4009 4010 4011 4012 4013 4014 4015 4016 4017 
	8247 8261 8262 8263 8264 8265 
	8266 8267 8268 8269 8270 8271 8272 8273 8274 8275 
	8276 8277 8278 8279 8280 8281 8282
}
mild_monsoon = { 
	# Leechdens
	2185 2206 2207 2209 2210 2212 2213 2214 2216 2217
	2218 2219 2220 2221 2223 2224 2225 2226 2227 2265
	2282 2395 2284 2235 2285 2236 2237 2264 2266 2267
	2365 2366 2377 2378 4421 4422 4423 4416 4415 4413
	4426 4427 4428 4361 4363 4430
	4370 4547 4401 4455 4457 4466 4469 4471 4473 4407
	4481 4482 4425
	4477 4483 4484 4479 4480 4508 4464 4468 4478 4467
	4474 4475 4515 4507 4514 4476 4465
	4453 4454 4456 4458 4462 4463 4550 4520 4459 4460
	4397 4509 4510 4505 4506 4875 4874 4931 4870 4872
	4871 4877 5420 4904 4876 4905 4903
	4887 4882 4880 4983 4835 4755 4754 4968 4944 4838
	4893 4889 4982 4984 4840 4841 4892 4891 4749 4750
	4751 4747
	4719 4725 4721 4575
	4576 4577 4586 4771
	4741
	4740 4743 4738 4960 4726 4723 4724 4735 4964 4733
	4598
	4565 4582 4583 4573 4574 4570 4571 4578 4580 4584
	4585 4704 4703 4706
	4764 4759 5429 4763 4761 4967 4785 4936 4937 4613
	4615 4559 4938 4609 4612 4593 4594 4595 4611 4511
	4579 4581 4588 4589 4590 4587 4591 4592 4803 4804
	4802 4800 4801 4946 4789 4787 4799 4797 4798 4788
	6139 3250
	6137
	5756 5757 5758 5767 5768 5769 5770 5775 5776 5777
	5806 5807 5702 5773 5698 5685
	5708
	5709
	5835 5836 5837 5839 5843 5846 5871 5857 5860 5861
	5862 5696 5697 5703 5838 5917
	5916 6024 6025 5915 5923 5927 6608 6607 6609 6600
	5819 6602 6610 6598 6612 6614 5826 6616 6617 6621
	6622 6627
	5830 6624 6625 6031 6032 6033 5902 5904 5906 5944
	5945 5947 5908 5911 5912 5913 5907 5909 5928 5931
	5954 5955 5957 5958 5959 5952 5953 6004 6006 6007
	6008 5855 6010 6011 6012 5654 6013 6014 5993
	5653
	5627 5628 5629 5626 5641 5670 6017 6671 6674 6675
	6016 6018 6672 6015 6019 6020 6670 6021 6060 6009
	6669 5622 5623 5624 5625 5582 5585 5586 5549 5550
	5581 6647 6648 5575 5576 5577 5579 5573
	5574
	5547 5548 6646 5750 5739 5749 5748 5720 5726 5727
	5751 5754 5755 5873
	5617 6636 5607 5608 5621 6639 5567 5568 5569 5587
	5602 6644 6643 5556
	6640
	6307 6315 6316 6317 6318 6320 6321 3237 3238 3239
	3236 5717 3207 3209 3210 3208 3211 3212 3212 3214
	3215 3216 3217 3218 3219 3220 3221 3222 5850 3254
	3255 3257 6631
	3248 3247 3213 6570 6572 6577 6576 6324 6323 6322
	3520 3531 6333 6351 6335 6337 6347 6972 6974 6975
	6977 6979 6978 6988 6994 6990 6993 6998 6997 6470
	6991 6992 6471 6476 6477 6478 6976 6932 6937 3699
	3698 3558 6916 6915 6914 6912 6913 6909 6911 6910
	6907 6908 6895 6881 6887 6903 6901 6896 6897 6898
	6899 6893 6891 6890 6889 6888 6883 6882 7034 3481
	3479 3480 3478 3473 3472 3466 3465 3451 3455 3454
	3453 3445 3444 3443 3442 6414 6434 6430 6432 6429
	6424 6423 3145 3420 3424 3425 3428 3426 3427 3144
	3415 3414 3413 3400 3399 3398 3397 3396 3385 3387
	3412 3356 3350 3351 3349 3348 3347 3330 3494 3327
	3493 3324 3491 6223 3492 3320 3319 3332 3490 3316
	3315 6525 3185 3317 6206 3273 3179 3179 3178 3166
	3165 3158 3157 3529 3530 3527 5778 6120 6111 6112
	5672 4890 4894 4895 4896 4913 4949 8057 8058 8059
	8060 8061 8062 8063 8064 8065 8066 8067 8068 8069
	8070 8071 8072 8073 8074 8075 8076 8077 8078 8079
	8080 8081 8082 8083 8084 8085 8086 8087 8093 8094
	8095 8096 8097 8098 8099 8130 8131 8136 8137 
	8290 8291 8292 8293
}
normal_monsoon = { 
	# Leechdens
	2222 2228 2229 2232 2233 2234 2241
	4366 4362 4365 4368 4378 4379 4385 4405 4410 4411
	4412 4394 4404 4387 4389 4417 4419 4434 4435 4436
	4437 4438 4439 4440 4442 4380 4373 4381 4503 4504
	4485 4487 4486 4495 4494
	4555 4561 4562 4409 4492 4408 4488 4490 4491 4500
	4470 4489 4364 4620 4886 4883 4879 4878 4836 4839
	4837 4884 4888 4885 4881 4748 4745 4753 4752 4744
	4746 4955 4965 4736 4742 4730 4956 4731 4727 4774
	4728 4732 4772 4720 4963 4722 4713 4962 4702 4696
	4957 4953 4959 4708 4707 4602
	4567 4568 4569 4572 4694 4695 4566 4560 4563 4564
	4766
	4711 4709 4769 4768 4765 4710 4734 4737 4795 4796
	4941 4793 4786 4794 4947 4806 4935 4782 4621 4784
	4606 4607 4610 4614 4603 4604 4605 4608 4601 4783
	4808 4934 4712 4767 4701 4961 4770 4596 4597 4396
	4599 6145 4807 4805 6146 6153 6140 6142 6148 6149
	6136 3249 6151 6138 6628 6626 5831
	5828 5829 5825 5827 6604
	6618
	6634
	5762 5763 5764 5759 5760 5761 5721 5724 5725 5752
	5753 5765 5834 6030 5894 5899 5926 5845 6126 5524
	5525 6657 5523 6656 6659 5883
	5877
	5863 5872 5874 5875 5864 5865 5868 5876 5888 5630
	5632 5633 5635
	5636 5637 5638 5557 5560 5671 5562 5565 5570 5571
	5572 5558 5563 5605 5609 5611 5642 5645 5648 5649
	5994 5995 6005 5996 5997 6001 5918 5920 5921 5932
	5964 5974 5985 5989 5981 5982 5983 5976 5977 5978
	5980 5901 5919 5946
	5984 5986 5987 5999 6002 5639 5640 5643 5647 5600
	5612 5613 6642 5580
	5905
	5936 5937 5938 5939 5910 5930 5935 6003 5951 5650
	5651 5652 5998
	5869 5885 5886 5661 5662 5620
	5614
	5619
	5618
	5644 5659 5660 5663 6309 6310 5711
	6068 3232 6065 6336 6334 6947 6945 6946 6943 6941
	6938 6344 6969 6970 6983 6981 6973 6980 6987 6986
	6995 6996 6999 3539 3541 3540 3543 6155 6207 6868
	6170 6174 6176 6869 6870 6866 6865 6184 6188 6933
	6931 6928 6927 6924 6923 6922 6921 6920 6919 6918
	6917 6894 6874 6190 6873 6875 6199 6886 6884 6885
	6208 6871 6211 6209 6872 6210 6213 6216 6221 6877
	6878 6880 6205 6876 3483 7028 3482 3476 3477 3474
	3471 3467 3450 3446 3440 3441 3436 3435 6431 3452
	3358 3357 3359 3388 3395 3401 3402 3411 3423 3419
	3418 3417 3416 3383 3384 3365 3344 3364 3342 3363
	3340 3386 3361 3360 3355 3354 3339 3353 3352 3338
	3499 3329 3516 3495 3331 3328 3496 3323 3326 3322
	3143 3321 3183 3184 3181 3142 3183 3180 3175 3176
	3177 3168 3167 3164 3161 3156 3318 3060 6116 6117
	6119 8088 8089 8090 8091 8092 
}
severe_monsoon = { 
	# Leechdens
	2231 4369 4372 4371 4367 4374 4375 4384 4386 4388
	4390 4393 4418 4392 4391 4395 4398 4551 4554 4556
	4558 4600 4557
	4399 4406 4420 4527
	4382 4383 4377 4498 4497 4502 4501 4499 4496 4493
	4729
	4714
	4715 4718 4716 4717 4699 4700 4958 4698
	4697
	3251 6144 6147 3252 6152 6141 4773 3253
	6620 6623 5823 5824 6615 6619
	6613
	6611 5822 5821 6603 6599 6601 6597 6605 5818 5714
	5805 5710 5712 5713 5715 5716 5840 5847 5849 5851
	5852 5841 5842 5844 5766 5722 5723 5853 5854 5856
	5859 5858 5891 5892 5893 5895 5896 5833
	5898 5897 5880 5881 5882 6592
	5879 5878 5889 5890 5867 5870 5887 5439
	5970 5971 5972 5975 5973 5988 5990 5922 5924 5925
	6023 5956 5960 5961 5979 5933 5962 5963 5966 5967
	5968 5965 5969 6062 5900
	5940 5941 5942 5943 5948 5949 5950 5646 5657 5658
	5566
	5564
	5578 5583 5903 5914 5584
	5929 5934 5991 5992 5631
	5634
	6308
	3244 3245 3256 3259 3258 3260 3537 6939 6940 6942
	6944 6950 6951 6952 6949 6953 6948 6954 6955 6956
	6957 6960 6961 6958 6959 6962 6963 6964 6965 6966
	6967 6968 6971 6982 6984 6985 3542 3544 3545 6482
	3546 3548 3663 3551 3553 3555 3554 3538 6935 6936
	6934 6930 6929 6926 6925 6200 6154 6179 6156 6182
	6157 6158 6159 6161 6160 6162 6167 6169 6172 6867
	6178 6175 6177 6164 6166 6181 6201 6226 6215 6864
	6183 6185 6189 6191 6193 6163 6863 6180 6217 6194
	6203 6204 6186 6212 6879 6195 6197 6218 6229 6228
	6227 6225 6224 6222 6230 6219 6231 6232 6233 6235
	6234 3485 3484 3475 3469 3470 3468 3449 3448 3439
	3438 3437 3434 3433 3447 3391 3390 3407 3406 3405
	3392 3393 3394 3389 3404 3408 3409 3403 3410 3432
	3431 3429 3430 3421 3422 3379 3378 3377 3376 3375
	3374 3373 3372 3371 3061 3370 3369 3380 3381 3369
	3368 3382 3367 3366 3341 3343 3333 3334 3336 3335
	3337 3501 3502 3500 3498 3497 3325 3182 3173 3171
	3172 3489 3174 3488 3169 3170 3162 3163 3159 3160
	3151 3153 3150 3152 3149 3154 3155 3486 3487 
}
equator_y_on_province_image = 656
